# RBIN, RFRQ, NFRQ
     3.00  0.2460E+00     187080.
    12.50  0.4737E-01      36029.
    17.50  0.2427E-01      18462.
    22.50  0.1289E-01       9807.
    27.50  0.7075E-02       5381.
    32.50  0.3896E-02       2963.
    37.50  0.2133E-02       1622.
    42.50  0.1179E-02        897.
    47.50  0.6718E-03        511.
    52.50  0.3747E-03        285.
    57.50  0.2275E-03        173.
    62.50  0.1315E-03        100.
    67.50  0.7626E-04         58.
    72.50  0.3681E-04         28.
    77.50  0.1972E-04         15.
    82.50  0.1315E-04         10.
    87.50  0.2630E-05          2.
    92.50  0.2630E-05          2.
    97.50  0.1315E-05          1.
   102.50  0.1315E-05          1.
   107.50  0.0000E+00          0.
   112.50  0.0000E+00          0.
   117.50  0.0000E+00          0.
