# RBIN, RFRQ, NFRQ
     3.00  0.2242E+00     170522.
    12.50  0.3877E-01      29489.
    17.50  0.2029E-01      15432.
    22.50  0.1059E-01       8054.
    27.50  0.5932E-02       4512.
    32.50  0.3279E-02       2494.
    37.50  0.1931E-02       1469.
    42.50  0.1106E-02        841.
    47.50  0.6114E-03        465.
    52.50  0.3077E-03        234.
    57.50  0.2038E-03        155.
    62.50  0.7889E-04         60.
    67.50  0.2630E-04         20.
    72.50  0.1709E-04         13.
    77.50  0.1841E-04         14.
    82.50  0.5259E-05          4.
    87.50  0.0000E+00          0.
    92.50  0.1315E-05          1.
    97.50  0.0000E+00          0.
   102.50  0.0000E+00          0.
   107.50  0.0000E+00          0.
   112.50  0.0000E+00          0.
   117.50  0.0000E+00          0.
